Page 1: total ops = 1523
  1  constructPath  args=[[19],[18.03,532.83,294.42,57.54],[18.03,532.83,312.45000000000005,590.37]]
  2  fill  args=null
  10  constructPath  args=[[19],[28.8,638.76,86.88,9.96],[28.8,638.76,115.67999999999999,648.72]]
  11  fill  args=null
  22  constructPath  args=[[19],[28.8,628.68,85.2,9.96],[28.8,628.68,114,638.64]]
  23  fill  args=null
  30  constructPath  args=[[19],[28.8,618.6,78.72,9.96],[28.8,618.6,107.52,628.5600000000001]]
  31  fill  args=null
  38  constructPath  args=[[19],[255.6,637.5,83.58,9.06],[255.6,637.5,339.18,646.56]]
  39  fill  args=null
  46  constructPath  args=[[19],[262.8,659.64,19.2,9.96],[262.8,659.64,282,669.6]]
  47  fill  args=null
  54  constructPath  args=[[19],[331.2,659.64,26.16,9.96],[331.2,659.64,357.36,669.6]]
  55  fill  args=null
  62  constructPath  args=[[19],[255.6,714.36,43.2,9.96],[255.6,714.36,298.8,724.32]]
  63  fill  args=null
  70  constructPath  args=[[19],[327.6,714.36,43.2,9.96],[327.6,714.36,370.8,724.32]]
  71  fill  args=null
  78  constructPath  args=[[19],[255.6,741.72,48,9.96],[255.6,741.72,303.6,751.6800000000001]]
  79  fill  args=null
  87  constructPath  args=[[19],[97.2,727.92,117.36,9.36],[97.2,727.92,214.56,737.28]]
  91  constructPath  args=[[19],[97.2,727.92,117.36,9.36],[97.2,727.92,214.56,737.28]]
  92  fill  args=null
  104  constructPath  args=[[19],[97.2,717.84,102.96,9.36],[97.2,717.84,200.16,727.2]]
  108  constructPath  args=[[19],[97.2,717.84,102.96,9.36],[97.2,717.84,200.16,727.2]]
  109  fill  args=null
  123  constructPath  args=[[19],[97.2,707.76,94.32,9.36],[97.2,707.76,191.51999999999998,717.12]]
  127  constructPath  args=[[19],[97.2,707.76,94.32,9.36],[97.2,707.76,191.51999999999998,717.12]]
  128  fill  args=null
  145  constructPath  args=[[19],[10.8,746.04,14.4,9.96],[10.8,746.04,25.200000000000003,756]]
  146  fill  args=null
  154  constructPath  args=[[19],[32.4,746.04,87.36,9.96],[32.4,746.04,119.75999999999999,756]]
  155  fill  args=null
  162  constructPath  args=[[19],[7.2,718.14,36,8.34],[7.2,718.14,43.2,726.48]]
  163  fill  args=null
  173  constructPath  args=[[19],[255.6,695.4,117.84,8.0399],[255.6,695.4,373.44,703.4399]]
  174  fill  args=null
  184  constructPath  args=[[19],[255.6,688.2,106.98,8.04],[255.6,688.2,362.58,696.24]]
  185  fill  args=null
  192  constructPath  args=[[19],[255.54,678.84,123.72,8.04],[255.54,678.84,379.26,686.88]]
  193  fill  args=null
  200  constructPath  args=[[19],[255.6,671.64,46.08,8.04],[255.6,671.64,301.68,679.68]]
  201  fill  args=null
  216  constructPath  args=[[13,14,14],[0,0,0,18,46.8,18],[0,0,46.8,18]]
  217  stroke  args=null
  219  constructPath  args=[[13,14,14],[0,0,0,-18,46.8,-18],[0,-18,46.8,0]]
  220  stroke  args=null
  222  constructPath  args=[[13,14,14],[0,0,57.6,0,57.6,-18],[0,-18,57.6,0]]
  223  stroke  args=null
  225  constructPath  args=[[13,14,14],[0,0,57.6,0,57.6,18],[0,0,57.6,18]]
  226  stroke  args=null
  228  constructPath  args=[[13,14],[0,0,36,0],[0,0,36,0]]
  229  stroke  args=null
  231  constructPath  args=[[13,14],[0,0,56.16,0],[0,0,56.16,0]]
  232  stroke  args=null
  234  constructPath  args=[[13,14],[0,0,115.2,0],[0,0,115.2,0]]
  235  stroke  args=null
  237  constructPath  args=[[13,14],[0,0,133.2,0],[0,0,133.2,0]]
  238  stroke  args=null
  240  constructPath  args=[[13,14],[0,0,43.2,0],[0,0,43.2,0]]
  241  stroke  args=null
  243  constructPath  args=[[13,14],[0,0,43.2,0],[0,0,43.2,0]]
  244  stroke  args=null
  247  constructPath  args=[[19],[255.6,752.1,56.1,9.66],[255.6,752.1,311.7,761.76]]
  248  fill  args=null
  255  constructPath  args=[[19],[255.6,726.9,53.82,9.66],[255.6,726.9,309.42,736.56]]
  256  fill  args=null
  263  constructPath  args=[[19],[327.6,726.9,59.04,9.66],[327.6,726.9,386.64000000000004,736.56]]
  264  fill  args=null
  271  constructPath  args=[[19],[61.92,763.8,288.6,12.36],[61.92,763.8,350.52000000000004,776.16]]
  272  fill  args=null
  280  constructPath  args=[[19],[7.14,688.92,213.72,8.04],[7.14,688.92,220.85999999999999,696.9599999999999]]
  281  fill  args=null
  289  constructPath  args=[[19],[7.2,681,214.02,8.04],[7.2,681,221.22,689.04]]
  290  fill  args=null
  297  constructPath  args=[[19],[7.2,673.08,188.52,8.04],[7.2,673.08,195.72,681.12]]
  298  fill  args=null
  305  constructPath  args=[[19],[266.4,649.32,15.12,8.04],[266.4,649.32,281.52,657.36]]
  306  fill  args=null
  313  constructPath  args=[[19],[335.52,649.32,17.64,8.04],[335.52,649.32,353.15999999999997,657.36]]
  314  fill  args=null
  321  constructPath  args=[[19],[266.4,627,93.9,8.04],[266.4,627,360.29999999999995,635.04]]
  322  fill  args=null
  329  constructPath  args=[[19],[255.6,704.76,34.02,8.04],[255.6,704.76,289.62,712.8]]
  330  fill  args=null
  337  constructPath  args=[[19],[327.6,704.76,34.02,8.04],[327.6,704.76,361.62,712.8]]
  338  fill  args=null
  345  constructPath  args=[[19],[7.2,729.24,84.12,8.04],[7.2,729.24,91.32000000000001,737.28]]
  346  fill  args=null
  355  constructPath  args=[[13,14,14,14,14],[0,0,561.6,0,561.6,-254.16,0,-254.16,0,0],[0,-254.16,561.6,0]]
  356  stroke  args=null
  361  constructPath  args=[[13,14,14,14],[0,0,118.08,0,118.08,-8.82,0,-8.82],[0,-8.82,118.08,0]]
  362  fill  args=null
  376  constructPath  args=[[13,14,14,14],[0,0,109.44,0,109.44,-8.82,0,-8.82],[0,-8.82,109.44,0]]
  377  fill  args=null
  392  constructPath  args=[[13,14,14,14],[0,0,105.12,0,105.12,-8.82,0,-8.82],[0,-8.82,105.12,0]]
  393  fill  args=null
  408  constructPath  args=[[13,14,14,14],[0,0,115.92,0,115.92,-8.82,0,-8.82],[0,-8.82,115.92,0]]
  409  fill  args=null
  425  constructPath  args=[[13,14,14,14],[0,0,120.96,0,120.96,-8.82,0,-8.82],[0,-8.82,120.96,0]]
  426  fill  args=null
  440  constructPath  args=[[19],[414,709.74,132.48,8.82],[414,709.74,546.48,718.5600000000001]]
  441  fill  args=null
  454  constructPath  args=[[19],[414,701.1,141.12,8.82],[414,701.1,555.12,709.9200000000001]]
  455  fill  args=null
  470  constructPath  args=[[13,14,14,14],[0,0,115.92,0,115.92,-8.82,0,-8.82],[0,-8.82,115.92,0]]
  471  fill  args=null
  487  constructPath  args=[[13,14,14,14],[0,0,102.96,0,102.96,-8.82,0,-8.82],[0,-8.82,102.96,0]]
  488  fill  args=null
  504  constructPath  args=[[13,14,14,14],[0,0,91.44,0,91.44,-8.82,0,-8.82],[0,-8.82,91.44,0]]
  505  fill  args=null
  518  constructPath  args=[[19],[414,666.54,47.52,8.82],[414,666.54,461.52,675.36]]
  519  fill  args=null
  532  constructPath  args=[[13,14,14,14],[0,0,117.36,0,117.36,-8.82,0,-8.82],[0,-8.82,117.36,0]]
  533  fill  args=null
  548  constructPath  args=[[13,14,14,14],[0,0,118.08,0,118.08,-8.82,0,-8.82],[0,-8.82,118.08,0]]
  549  fill  args=null
  563  constructPath  args=[[19],[414,623.34,129.6,8.82],[414,623.34,543.6,632.1600000000001]]
  564  fill  args=null
  577  constructPath  args=[[19],[414,614.7,136.08,8.82],[414,614.7,550.08,623.5200000000001]]
  578  fill  args=null
  591  constructPath  args=[[19],[414,606.06,128.88,8.82],[414,606.06,542.88,614.88]]
  592  fill  args=null
  605  constructPath  args=[[19],[414,597.42,133.2,8.82],[414,597.42,547.2,606.24]]
  606  fill  args=null
  619  constructPath  args=[[19],[414,588.78,56.16,8.8199],[414,588.78,470.15999999999997,597.5998999999999]]
  620  fill  args=null
  634  constructPath  args=[[13,14,14,14],[0,0,114.48,0,114.48,-8.82,0,-8.82],[0,-8.82,114.48,0]]
  635  fill  args=null
  648  constructPath  args=[[19],[316.8,125.1,201.6,8.82],[316.8,125.1,518.4,133.92]]
  649  fill  args=null
  662  constructPath  args=[[19],[316.8,116.46,180,8.82],[316.8,116.46,496.8,125.28]]
  663  fill  args=null
  676  constructPath  args=[[19],[316.8,99.18,174.24,8.82],[316.8,99.18,491.04,108]]
  677  fill  args=null
  690  constructPath  args=[[19],[316.8,90.54,151.2,8.82],[316.8,90.54,468,99.36000000000001]]
  691  fill  args=null
  704  constructPath  args=[[19],[316.8,73.26,159.84,8.82],[316.8,73.26,476.64,82.08000000000001]]
  705  fill  args=null
  718  constructPath  args=[[19],[316.8,64.62,66.24,8.82],[316.8,64.62,383.04,73.44]]
  719  fill  args=null
  732  constructPath  args=[[19],[331.2,157.92,100.8,11.28],[331.2,157.92,432,169.2]]
  733  fill  args=null
  742  constructPath  args=[[19],[14.4,167.7,144.66,14.46],[14.4,167.7,159.06,182.16]]
  743  fill  args=null
  750  constructPath  args=[[19],[532.8,525.18,19.62,8.34],[532.8,525.18,552.42,533.52]]
  751  fill  args=null
  759  constructPath  args=[[19],[0,517.92,612,0.90002],[0,517.92,612,518.82002]]
  765  constructPath  args=[[13,14],[0,0,792,0],[0,0,792,0]]
  766  stroke  args=null
  770  constructPath  args=[[19],[18.03,268.59,294.42,57.54],[18.03,268.59,312.45000000000005,326.13]]
  771  fill  args=null
  778  constructPath  args=[[19],[28.8,374.52,86.88,9.96],[28.8,374.52,115.67999999999999,384.47999999999996]]
  779  fill  args=null
  786  constructPath  args=[[19],[28.8,364.44,85.2,9.96],[28.8,364.44,114,374.4]]
  787  fill  args=null
  794  constructPath  args=[[19],[28.8,354.36,78.72,9.96],[28.8,354.36,107.52,364.32]]
  795  fill  args=null
  802  constructPath  args=[[19],[255.6,373.26,83.58,9.06],[255.6,373.26,339.18,382.32]]
  803  fill  args=null
  810  constructPath  args=[[19],[262.8,395.4,19.2,9.96],[262.8,395.4,282,405.35999999999996]]
  811  fill  args=null
  818  constructPath  args=[[19],[331.2,395.4,26.16,9.96],[331.2,395.4,357.36,405.35999999999996]]
  819  fill  args=null
  826  constructPath  args=[[19],[255.6,450.12,43.2,9.96],[255.6,450.12,298.8,460.08]]
  827  fill  args=null
  834  constructPath  args=[[19],[327.6,450.12,43.2,9.96],[327.6,450.12,370.8,460.08]]
  835  fill  args=null
  842  constructPath  args=[[19],[255.6,477.48,48,9.96],[255.6,477.48,303.6,487.44]]
  843  fill  args=null
  850  constructPath  args=[[19],[97.2,463.68,117.36,9.36],[97.2,463.68,214.56,473.04]]
  854  constructPath  args=[[19],[97.2,463.68,117.36,9.36],[97.2,463.68,214.56,473.04]]
  855  fill  args=null
  866  constructPath  args=[[19],[97.2,453.6,102.96,9.36],[97.2,453.6,200.16,462.96000000000004]]
  870  constructPath  args=[[19],[97.2,453.6,102.96,9.36],[97.2,453.6,200.16,462.96000000000004]]
  871  fill  args=null
  884  constructPath  args=[[19],[97.2,443.52,94.32,9.36],[97.2,443.52,191.51999999999998,452.88]]
  888  constructPath  args=[[19],[97.2,443.52,94.32,9.36],[97.2,443.52,191.51999999999998,452.88]]
  889  fill  args=null
  906  constructPath  args=[[19],[10.8,481.8,14.4,9.96],[10.8,481.8,25.200000000000003,491.76]]
  907  fill  args=null
  915  constructPath  args=[[19],[32.4,481.8,87.36,9.96],[32.4,481.8,119.75999999999999,491.76]]
  916  fill  args=null
  923  constructPath  args=[[19],[7.2,453.9,36,8.34],[7.2,453.9,43.2,462.23999999999995]]
  924  fill  args=null
  934  constructPath  args=[[19],[255.6,431.16,117.84,8.04],[255.6,431.16,373.44,439.20000000000005]]
  935  fill  args=null
  944  constructPath  args=[[19],[255.6,423.96,106.98,8.04],[255.6,423.96,362.58,432]]
  945  fill  args=null
  952  constructPath  args=[[19],[255.54,414.6,123.72,8.04],[255.54,414.6,379.26,422.64000000000004]]
  953  fill  args=null
  960  constructPath  args=[[19],[255.6,407.4,46.08,8.04],[255.6,407.4,301.68,415.44]]
  961  fill  args=null
  970  constructPath  args=[[13,14,14],[0,0,0,18,46.8,18],[0,0,46.8,18]]
  971  stroke  args=null
  973  constructPath  args=[[13,14,14],[0,0,0,-18,46.8,-18],[0,-18,46.8,0]]
  974  stroke  args=null
  976  constructPath  args=[[13,14,14],[0,0,57.6,0,57.6,-18],[0,-18,57.6,0]]
  977  stroke  args=null
  979  constructPath  args=[[13,14,14],[0,0,57.6,0,57.6,18],[0,0,57.6,18]]
  980  stroke  args=null
  982  constructPath  args=[[13,14],[0,0,36,0],[0,0,36,0]]
  983  stroke  args=null
  985  constructPath  args=[[13,14],[0,0,56.16,0],[0,0,56.16,0]]
  986  stroke  args=null
  988  constructPath  args=[[13,14],[0,0,115.2,0],[0,0,115.2,0]]
  989  stroke  args=null
  991  constructPath  args=[[13,14],[0,0,133.2,0],[0,0,133.2,0]]
  992  stroke  args=null
  994  constructPath  args=[[13,14],[0,0,43.2,0],[0,0,43.2,0]]
  995  stroke  args=null
  997  constructPath  args=[[13,14],[0,0,43.2,0],[0,0,43.2,0]]
  998  stroke  args=null
  1001  constructPath  args=[[19],[255.6,487.86,56.1,9.66],[255.6,487.86,311.7,497.52000000000004]]
  1002  fill  args=null
  1009  constructPath  args=[[19],[255.6,462.66,53.82,9.66],[255.6,462.66,309.42,472.32000000000005]]
  1010  fill  args=null
  1017  constructPath  args=[[19],[327.6,462.66,59.04,9.66],[327.6,462.66,386.64000000000004,472.32000000000005]]
  1018  fill  args=null
  1025  constructPath  args=[[19],[61.92,499.56,288.6,12.36],[61.92,499.56,350.52000000000004,511.92]]
  1026  fill  args=null
  1035  constructPath  args=[[19],[7.14,424.68,213.72,8.04],[7.14,424.68,220.85999999999999,432.72]]
  1036  fill  args=null
  1045  constructPath  args=[[19],[7.2,416.76,214.02,8.04],[7.2,416.76,221.22,424.8]]
  1046  fill  args=null
  1053  constructPath  args=[[19],[7.2,408.84,188.52,8.04],[7.2,408.84,195.72,416.88]]
  1054  fill  args=null
  1061  constructPath  args=[[19],[266.4,385.08,15.12,8.04],[266.4,385.08,281.52,393.12]]
  1062  fill  args=null
  1069  constructPath  args=[[19],[335.52,385.08,17.64,8.04],[335.52,385.08,353.15999999999997,393.12]]
  1070  fill  args=null
  1077  constructPath  args=[[19],[266.4,362.76,93.9,8.04],[266.4,362.76,360.29999999999995,370.8]]
  1078  fill  args=null
  1085  constructPath  args=[[19],[255.6,440.52,34.02,8.04],[255.6,440.52,289.62,448.56]]
  1086  fill  args=null
  1093  constructPath  args=[[19],[327.6,440.52,34.02,8.04],[327.6,440.52,361.62,448.56]]
  1094  fill  args=null
  1101  constructPath  args=[[19],[7.2,465,84.12,8.04],[7.2,465,91.32000000000001,473.04]]
  1102  fill  args=null
  1111  constructPath  args=[[13,14,14,14,14],[0,0,561.6,0,561.6,-254.16,0,-254.16,0,0],[0,-254.16,561.6,0]]
  1112  stroke  args=null
  1117  constructPath  args=[[13,14,14,14],[0,0,118.08,0,118.08,-8.82,0,-8.82],[0,-8.82,118.08,0]]
  1118  fill  args=null
  1132  constructPath  args=[[13,14,14,14],[0,0,109.44,0,109.44,-8.82,0,-8.82],[0,-8.82,109.44,0]]
  1133  fill  args=null
  1148  constructPath  args=[[13,14,14,14],[0,0,105.12,0,105.12,-8.82,0,-8.82],[0,-8.82,105.12,0]]
  1149  fill  args=null
  1164  constructPath  args=[[13,14,14,14],[0,0,115.92,0,115.92,-8.82,0,-8.82],[0,-8.82,115.92,0]]
  1165  fill  args=null
  1181  constructPath  args=[[13,14,14,14],[0,0,120.96,0,120.96,-8.82,0,-8.82],[0,-8.82,120.96,0]]
  1182  fill  args=null
  1196  constructPath  args=[[19],[414,445.5,132.48,8.82],[414,445.5,546.48,454.32]]
  1197  fill  args=null
  1210  constructPath  args=[[19],[414,436.86,141.12,8.82],[414,436.86,555.12,445.68]]
  1211  fill  args=null
  1226  constructPath  args=[[13,14,14,14],[0,0,115.92,0,115.92,-8.82,0,-8.82],[0,-8.82,115.92,0]]
  1227  fill  args=null
  1243  constructPath  args=[[13,14,14,14],[0,0,102.96,0,102.96,-8.82,0,-8.82],[0,-8.82,102.96,0]]
  1244  fill  args=null
  1260  constructPath  args=[[13,14,14,14],[0,0,91.44,0,91.44,-8.82,0,-8.82],[0,-8.82,91.44,0]]
  1261  fill  args=null
  1274  constructPath  args=[[19],[414,402.3,47.52,8.82],[414,402.3,461.52,411.12]]
  1275  fill  args=null
  1288  constructPath  args=[[13,14,14,14],[0,0,117.36,0,117.36,-8.82,0,-8.82],[0,-8.82,117.36,0]]
  1289  fill  args=null
  1304  constructPath  args=[[13,14,14,14],[0,0,118.08,0,118.08,-8.82,0,-8.82],[0,-8.82,118.08,0]]
  1305  fill  args=null
  1319  constructPath  args=[[19],[414,359.1,129.6,8.82],[414,359.1,543.6,367.92]]
  1320  fill  args=null
  1333  constructPath  args=[[19],[414,350.46,136.08,8.82],[414,350.46,550.08,359.28]]
  1334  fill  args=null
  1347  constructPath  args=[[19],[414,341.82,128.88,8.82],[414,341.82,542.88,350.64]]
  1348  fill  args=null
  1361  constructPath  args=[[19],[414,333.18,133.2,8.82],[414,333.18,547.2,342]]
  1362  fill  args=null
  1375  constructPath  args=[[19],[414,324.54,56.16,8.82],[414,324.54,470.15999999999997,333.36]]
  1376  fill  args=null
  1390  constructPath  args=[[13,14,14,14],[0,0,114.48,0,114.48,-8.82,0,-8.82],[0,-8.82,114.48,0]]
  1391  fill  args=null
  1404  constructPath  args=[[19],[316.8,125.1,201.6,8.82],[316.8,125.1,518.4,133.92]]
  1405  fill  args=null
  1418  constructPath  args=[[19],[316.8,116.46,180,8.82],[316.8,116.46,496.8,125.28]]
  1419  fill  args=null
  1432  constructPath  args=[[19],[316.8,99.18,174.24,8.82],[316.8,99.18,491.04,108]]
  1433  fill  args=null
  1446  constructPath  args=[[19],[316.8,90.54,151.2,8.82],[316.8,90.54,468,99.36000000000001]]
  1447  fill  args=null
  1460  constructPath  args=[[19],[316.8,73.26,159.84,8.82],[316.8,73.26,476.64,82.08000000000001]]
  1461  fill  args=null
  1474  constructPath  args=[[19],[316.8,64.62,66.24,8.82],[316.8,64.62,383.04,73.44]]
  1475  fill  args=null
  1488  constructPath  args=[[19],[331.2,157.92,100.8,11.28],[331.2,157.92,432,169.2]]
  1489  fill  args=null
  1498  constructPath  args=[[19],[14.4,167.7,144.66,14.46],[14.4,167.7,159.06,182.16]]
  1499  fill  args=null
  1506  constructPath  args=[[19],[532.8,260.94,19.62,8.34],[532.8,260.94,552.42,269.28]]
  1507  fill  args=null
  1515  constructPath  args=[[19],[1.47,57.63,287.94,107.94],[1.47,57.63,289.41,165.57]]
  1516  fill  args=null
