  216  path ΓåÆ stroke  args=[[13,14,14],[0,0,0,18,46.8,18],[0,0,46.8,18]]
  219  path ΓåÆ stroke  args=[[13,14,14],[0,0,0,-18,46.8,-18],[0,-18,46.8,0]]
  222  path ΓåÆ stroke  args=[[13,14,14],[0,0,57.6,0,57.6,-18],[0,-18,57.6,0]]
  225  path ΓåÆ stroke  args=[[13,14,14],[0,0,57.6,0,57.6,18],[0,0,57.6,18]]
  228  path ΓåÆ stroke  args=[[13,14],[0,0,36,0],[0,0,36,0]]
  231  path ΓåÆ stroke  args=[[13,14],[0,0,56.16,0],[0,0,56.16,0]]
  234  path ΓåÆ stroke  args=[[13,14],[0,0,115.2,0],[0,0,115.2,0]]
  237  path ΓåÆ stroke  args=[[13,14],[0,0,133.2,0],[0,0,133.2,0]]
  240  path ΓåÆ stroke  args=[[13,14],[0,0,43.2,0],[0,0,43.2,0]]
  243  path ΓåÆ stroke  args=[[13,14],[0,0,43.2,0],[0,0,43.2,0]]
  355  path ΓåÆ stroke  args=[[13,14,14,14,14],[0,0,561.6,0,561.6,-254.16,0,-254.16,0,0],[0,-254.16,561.6,0]]
  765  path ΓåÆ stroke  args=[[13,14],[0,0,792,0],[0,0,792,0]]
  970  path ΓåÆ stroke  args=[[13,14,14],[0,0,0,18,46.8,18],[0,0,46.8,18]]
  973  path ΓåÆ stroke  args=[[13,14,14],[0,0,0,-18,46.8,-18],[0,-18,46.8,0]]
  976  path ΓåÆ stroke  args=[[13,14,14],[0,0,57.6,0,57.6,-18],[0,-18,57.6,0]]
  979  path ΓåÆ stroke  args=[[13,14,14],[0,0,57.6,0,57.6,18],[0,0,57.6,18]]
  982  path ΓåÆ stroke  args=[[13,14],[0,0,36,0],[0,0,36,0]]
  985  path ΓåÆ stroke  args=[[13,14],[0,0,56.16,0],[0,0,56.16,0]]
  988  path ΓåÆ stroke  args=[[13,14],[0,0,115.2,0],[0,0,115.2,0]]
  991  path ΓåÆ stroke  args=[[13,14],[0,0,133.2,0],[0,0,133.2,0]]
  994  path ΓåÆ stroke  args=[[13,14],[0,0,43.2,0],[0,0,43.2,0]]
  997  path ΓåÆ stroke  args=[[13,14],[0,0,43.2,0],[0,0,43.2,0]]
  1111  path ΓåÆ stroke  args=[[13,14,14,14,14],[0,0,561.6,0,561.6,-254.16,0,-254.16,0,0],[0,-254.16,561.6,0]]
